[Date.UTC(1505,0,0),32059],
[Date.UTC(1507,0,0),49586],
[Date.UTC(1515,0,0),289011],
[Date.UTC(1520,0,0),51783],
[Date.UTC(1524,0,0),287177],
[Date.UTC(1525,0,0),3559],
[Date.UTC(1527,0,0),4375],
[Date.UTC(1541,0,0),5272],
[Date.UTC(1563,0,0),213843],
[Date.UTC(1564,0,0),70755],
[Date.UTC(1568,0,0),153095],
[Date.UTC(1572,0,0),177484],
[Date.UTC(1574,0,0),62235],
[Date.UTC(1575,0,0),186706],
[Date.UTC(1579,0,0),203074],
[Date.UTC(1581,0,0),708458],
[Date.UTC(1582,0,0),151000],
[Date.UTC(1584,0,0),151925],
[Date.UTC(1587,0,0),248361],
[Date.UTC(1588,0,0),41548],
[Date.UTC(1589,0,0),36290],
[Date.UTC(1590,0,0),564921],
[Date.UTC(1592,0,0),96955],
[Date.UTC(1593,0,0),39997],
[Date.UTC(1594,0,0),11106],
[Date.UTC(1595,0,0),33664],
[Date.UTC(1597,0,0),10923],
[Date.UTC(1598,0,0),85051],
[Date.UTC(1600,0,0),405205],
[Date.UTC(1602,0,0),3292],
[Date.UTC(1603,0,0),69050],
[Date.UTC(1605,0,0),14493],
[Date.UTC(1606,0,0),62921],
[Date.UTC(1607,0,0),381763],
[Date.UTC(1610,0,0),6258],
[Date.UTC(1611,0,0),49641],
[Date.UTC(1612,0,0),52898],
[Date.UTC(1614,0,0),8777],
[Date.UTC(1618,0,0),20166],
[Date.UTC(1619,0,0),55192],
[Date.UTC(1620,0,0),229054],
[Date.UTC(1621,0,0),64197],
[Date.UTC(1623,0,0),120443],
[Date.UTC(1624,0,0),145470],
[Date.UTC(1625,0,0),69296],
[Date.UTC(1626,0,0),41890],
[Date.UTC(1628,0,0),6425],
[Date.UTC(1629,0,0),288773],
[Date.UTC(1630,0,0),152568],
[Date.UTC(1631,0,0),474458],
[Date.UTC(1632,0,0),43064],
[Date.UTC(1634,0,0),141378],
[Date.UTC(1635,0,0),244673],
[Date.UTC(1636,0,0),31714],
[Date.UTC(1637,0,0),681719],
[Date.UTC(1638,0,0),243942],
[Date.UTC(1640,0,0),60550],
[Date.UTC(1641,0,0),45397],
[Date.UTC(1642,0,0),137346],
[Date.UTC(1643,0,0),177489],
[Date.UTC(1644,0,0),1018174],
[Date.UTC(1645,0,0),252714],
[Date.UTC(1646,0,0),55522],
[Date.UTC(1647,0,0),312270],
[Date.UTC(1648,0,0),458975],
[Date.UTC(1649,0,0),260987],
[Date.UTC(1650,0,0),192820],
[Date.UTC(1651,0,0),540758],
[Date.UTC(1652,0,0),168692],
[Date.UTC(1653,0,0),379618],
[Date.UTC(1654,0,0),36496],
[Date.UTC(1655,0,0),280899],
[Date.UTC(1656,0,0),688699],
[Date.UTC(1657,0,0),310453],
[Date.UTC(1658,0,0),834659],
[Date.UTC(1659,0,0),543657],
[Date.UTC(1660,0,0),130457],
[Date.UTC(1661,0,0),128825],
[Date.UTC(1662,0,0),239762],
[Date.UTC(1663,0,0),208750],
[Date.UTC(1664,0,0),290743],
[Date.UTC(1665,0,0),269608],
[Date.UTC(1666,0,0),81564],
[Date.UTC(1667,0,0),751217],
[Date.UTC(1668,0,0),1065563],
[Date.UTC(1669,0,0),342820],
[Date.UTC(1670,0,0),734354],
[Date.UTC(1671,0,0),149851],
[Date.UTC(1672,0,0),425998],
[Date.UTC(1673,0,0),935178],
[Date.UTC(1674,0,0),126602],
[Date.UTC(1675,0,0),1644156],
[Date.UTC(1676,0,0),1801615],
[Date.UTC(1677,0,0),799238],
[Date.UTC(1678,0,0),1966870],
[Date.UTC(1679,0,0),1112022],
[Date.UTC(1680,0,0),1099854],
[Date.UTC(1681,0,0),2614565],
[Date.UTC(1682,0,0),3667945],
[Date.UTC(1683,0,0),4175428],
[Date.UTC(1684,0,0),1707625],
[Date.UTC(1685,0,0),2350253],
[Date.UTC(1686,0,0),1263478],
[Date.UTC(1687,0,0),1185730],
[Date.UTC(1688,0,0),2548272],
[Date.UTC(1689,0,0),982547],
[Date.UTC(1690,0,0),909320],
[Date.UTC(1691,0,0),321865],
[Date.UTC(1692,0,0),1674892],
[Date.UTC(1693,0,0),1038415],
[Date.UTC(1694,0,0),2020553],
[Date.UTC(1695,0,0),1223730],
[Date.UTC(1696,0,0),829773],
[Date.UTC(1697,0,0),947914],
[Date.UTC(1698,0,0),3115797],
[Date.UTC(1699,0,0),2830668],
[Date.UTC(1700,0,0),3724080],
[Date.UTC(1701,0,0),3969408],
[Date.UTC(1702,0,0),4981091],
[Date.UTC(1703,0,0),4160884],
[Date.UTC(1704,0,0),4896743],
[Date.UTC(1705,0,0),4908749],
[Date.UTC(1706,0,0),6717731],
[Date.UTC(1707,0,0),5350926],
[Date.UTC(1708,0,0),6481151],
[Date.UTC(1709,0,0),3354295],
[Date.UTC(1710,0,0),6947443],
[Date.UTC(1711,0,0),6737146],
[Date.UTC(1712,0,0),3822481],
[Date.UTC(1713,0,0),4720647],
[Date.UTC(1714,0,0),7764527],
[Date.UTC(1715,0,0),6381321],
[Date.UTC(1716,0,0),5059979],
[Date.UTC(1717,0,0),6932237],
[Date.UTC(1718,0,0),5184576],
[Date.UTC(1719,0,0),4957704],
[Date.UTC(1720,0,0),9307091],
[Date.UTC(1721,0,0),6991857],
[Date.UTC(1722,0,0),10462138],
[Date.UTC(1723,0,0),7650075],
[Date.UTC(1724,0,0),8504688],
[Date.UTC(1725,0,0),10634464],
[Date.UTC(1726,0,0),10049695],
[Date.UTC(1727,0,0),12961617],
[Date.UTC(1728,0,0),11203433],
[Date.UTC(1729,0,0),12290699],
[Date.UTC(1730,0,0),12141708],
[Date.UTC(1731,0,0),12939697],
[Date.UTC(1732,0,0),10191917],
[Date.UTC(1733,0,0),5729194],
[Date.UTC(1734,0,0),10069531],
[Date.UTC(1735,0,0),9078498],
[Date.UTC(1736,0,0),8049773],
[Date.UTC(1737,0,0),13254037],
[Date.UTC(1738,0,0),13711768],
[Date.UTC(1739,0,0),11506472],
[Date.UTC(1740,0,0),11351999],
[Date.UTC(1741,0,0),8036677],
[Date.UTC(1742,0,0),11481001],
[Date.UTC(1743,0,0),9480804],
[Date.UTC(1744,0,0),13999448],
[Date.UTC(1745,0,0),8964077],
[Date.UTC(1746,0,0),7178475],
[Date.UTC(1747,0,0),15862088],
[Date.UTC(1748,0,0),15326914],
[Date.UTC(1749,0,0),12651711],
[Date.UTC(1750,0,0),19252447],
[Date.UTC(1751,0,0),20150324],
[Date.UTC(1752,0,0),14340951],
[Date.UTC(1753,0,0),19100911],
[Date.UTC(1754,0,0),20408128],
[Date.UTC(1755,0,0),20284102],
[Date.UTC(1756,0,0),8734579],
[Date.UTC(1757,0,0),13717180],
[Date.UTC(1758,0,0),16974336],
[Date.UTC(1759,0,0),21275484],
[Date.UTC(1760,0,0),14620367],
[Date.UTC(1761,0,0),17721029],
[Date.UTC(1762,0,0),11334996],
[Date.UTC(1763,0,0),20103289],
[Date.UTC(1764,0,0),18680471],
[Date.UTC(1765,0,0),15656943],
[Date.UTC(1766,0,0),26832144],
[Date.UTC(1767,0,0),19968484],
[Date.UTC(1768,0,0),27116433],
[Date.UTC(1769,0,0),18548978],
[Date.UTC(1770,0,0),21906473],
[Date.UTC(1771,0,0),20026146],
[Date.UTC(1772,0,0),20087322],
[Date.UTC(1773,0,0),18809127],
[Date.UTC(1774,0,0),19376100],
[Date.UTC(1775,0,0),25217307],
[Date.UTC(1776,0,0),26766563],
[Date.UTC(1777,0,0),22531379],
[Date.UTC(1778,0,0),20822070],
[Date.UTC(1779,0,0),18344680],
[Date.UTC(1780,0,0),19284173],
[Date.UTC(1781,0,0),21534708],
[Date.UTC(1782,0,0),21505581],
[Date.UTC(1783,0,0),21001833],
[Date.UTC(1784,0,0),26735435],
[Date.UTC(1785,0,0),26424206],
[Date.UTC(1786,0,0),27701969],
[Date.UTC(1787,0,0),41147754],
[Date.UTC(1788,0,0),43010567],
[Date.UTC(1789,0,0),37991018],
[Date.UTC(1790,0,0),40363128],
[Date.UTC(1791,0,0),44446487],
[Date.UTC(1792,0,0),47305037],
[Date.UTC(1793,0,0),41628412],
[Date.UTC(1794,0,0),48633342],
[Date.UTC(1795,0,0),46129522],
[Date.UTC(1796,0,0),56007600],
[Date.UTC(1797,0,0),47048067],
[Date.UTC(1798,0,0),46311447],
[Date.UTC(1799,0,0),50259992],
[Date.UTC(1800,0,0),70784405],
[Date.UTC(1801,0,0),107290136],
[Date.UTC(1802,0,0),95731997],
[Date.UTC(1803,0,0),104173226],
[Date.UTC(1804,0,0),114051906],
[Date.UTC(1805,0,0),115330195],
[Date.UTC(1806,0,0),118229517],
[Date.UTC(1807,0,0),128904931],
[Date.UTC(1808,0,0),129988114],
[Date.UTC(1809,0,0),137911980],
[Date.UTC(1810,0,0),150961261],
[Date.UTC(1811,0,0),177318465],
[Date.UTC(1812,0,0),172538907],
[Date.UTC(1813,0,0),144660671],
[Date.UTC(1814,0,0),168441689],
[Date.UTC(1815,0,0),156318674],
[Date.UTC(1816,0,0),161561836],
[Date.UTC(1817,0,0),182422107],
[Date.UTC(1818,0,0),204446854],
[Date.UTC(1819,0,0),174156635],
[Date.UTC(1820,0,0),231277724],
[Date.UTC(1821,0,0),181677006],
[Date.UTC(1822,0,0),271213007],
[Date.UTC(1823,0,0),254327070],
[Date.UTC(1824,0,0),309237910],
[Date.UTC(1825,0,0),318701311],
[Date.UTC(1826,0,0),243758959],
[Date.UTC(1827,0,0),253677933],
[Date.UTC(1828,0,0),273678947],
[Date.UTC(1829,0,0),293815859],
[Date.UTC(1830,0,0),342378710],
[Date.UTC(1831,0,0),313388047],
[Date.UTC(1832,0,0),314184783],
[Date.UTC(1833,0,0),310441320],
[Date.UTC(1834,0,0),301383644],
[Date.UTC(1835,0,0),355491202],
[Date.UTC(1836,0,0),365982104],
[Date.UTC(1837,0,0),337485292],
[Date.UTC(1838,0,0),358600155],
[Date.UTC(1839,0,0),413876708],
[Date.UTC(1840,0,0),423904296],
[Date.UTC(1841,0,0),387286321],
[Date.UTC(1842,0,0),348396317],
[Date.UTC(1843,0,0),404133447],
[Date.UTC(1844,0,0),419311001],
[Date.UTC(1845,0,0),456885448],
[Date.UTC(1846,0,0),459546575],
[Date.UTC(1847,0,0),443868440],
[Date.UTC(1848,0,0),466134080],
[Date.UTC(1849,0,0),472315353],
[Date.UTC(1850,0,0),504143257],
[Date.UTC(1851,0,0),537705793],
[Date.UTC(1852,0,0),558718364],
[Date.UTC(1853,0,0),625159477],
[Date.UTC(1854,0,0),683559348],
[Date.UTC(1855,0,0),605758582],
[Date.UTC(1856,0,0),652385453],
[Date.UTC(1857,0,0),568489706],
[Date.UTC(1858,0,0),541848821],
[Date.UTC(1859,0,0),588343315],
[Date.UTC(1860,0,0),607952196],
[Date.UTC(1861,0,0),463190641],
[Date.UTC(1862,0,0),396839451],
[Date.UTC(1863,0,0),418297294],
[Date.UTC(1864,0,0),493159851],
[Date.UTC(1865,0,0),503022451],
[Date.UTC(1866,0,0),548257863],
[Date.UTC(1867,0,0),518622969],
[Date.UTC(1868,0,0),547590187],
[Date.UTC(1869,0,0),558291347],
[Date.UTC(1870,0,0),548870828],
[Date.UTC(1871,0,0),560339562],
[Date.UTC(1872,0,0),566620105],
[Date.UTC(1873,0,0),583981485],
[Date.UTC(1874,0,0),636667506],
[Date.UTC(1875,0,0),643873731],
[Date.UTC(1876,0,0),676820039],
[Date.UTC(1877,0,0),667722549],
[Date.UTC(1878,0,0),629401874],
[Date.UTC(1879,0,0),654448581],
[Date.UTC(1880,0,0),784223075],
[Date.UTC(1881,0,0),789254798],
[Date.UTC(1882,0,0),828502461],
[Date.UTC(1883,0,0),930196929],
[Date.UTC(1884,0,0),881638914],
[Date.UTC(1885,0,0),857166435],
[Date.UTC(1886,0,0),727723136],
[Date.UTC(1887,0,0),801865869],
[Date.UTC(1888,0,0),795886071],
[Date.UTC(1889,0,0),763170247],
[Date.UTC(1890,0,0),787152479],
[Date.UTC(1891,0,0),849750639],
[Date.UTC(1892,0,0),936056142],
[Date.UTC(1893,0,0),915629979],
[Date.UTC(1894,0,0),899615494],
[Date.UTC(1895,0,0),984856075],
[Date.UTC(1896,0,0),1050921103],
[Date.UTC(1897,0,0),1031909734],
[Date.UTC(1898,0,0),1109257706],
[Date.UTC(1899,0,0),1232717908],
[Date.UTC(1900,0,0),1341057959],
[Date.UTC(1901,0,0),1285712637],
[Date.UTC(1902,0,0),1311315033],
[Date.UTC(1903,0,0),1266236889],
[Date.UTC(1904,0,0),1405505328],
[Date.UTC(1905,0,0),1351302005],
[Date.UTC(1906,0,0),1397090480],
[Date.UTC(1907,0,0),1409945274],
[Date.UTC(1908,0,0),1417130893],
[Date.UTC(1909,0,0),1283265090],
[Date.UTC(1910,0,0),1354824248],
[Date.UTC(1911,0,0),1350964981],
[Date.UTC(1912,0,0),1431385638],
[Date.UTC(1913,0,0),1356693322],
[Date.UTC(1914,0,0),1324894757],
[Date.UTC(1915,0,0),1211361619],
[Date.UTC(1916,0,0),1175413415],
[Date.UTC(1917,0,0),1183132092],
[Date.UTC(1918,0,0),1039343103],
[Date.UTC(1919,0,0),1136614538],
[Date.UTC(1920,0,0),1388696469],
[Date.UTC(1921,0,0),1216676110],
[Date.UTC(1922,0,0),1413237707],
[Date.UTC(1923,0,0),1151386048],
[Date.UTC(1924,0,0),1069007206],
[Date.UTC(1925,0,0),1113107246],
[Date.UTC(1926,0,0),1053565430],
[Date.UTC(1927,0,0),1216023821],
[Date.UTC(1928,0,0),1212716430],
[Date.UTC(1929,0,0),1153722574],
[Date.UTC(1930,0,0),1244889331],
[Date.UTC(1931,0,0),1183806248],
[Date.UTC(1932,0,0),1057602772],
[Date.UTC(1933,0,0),915956659],
[Date.UTC(1934,0,0),1053600093],
[Date.UTC(1935,0,0),1157109310],
[Date.UTC(1936,0,0),1199843463],
[Date.UTC(1937,0,0),1232280287],
[Date.UTC(1938,0,0),1261812592],
[Date.UTC(1939,0,0),1249209591],
[Date.UTC(1940,0,0),1179404138],
[Date.UTC(1941,0,0),1084154164],
[Date.UTC(1942,0,0),1045379066],
[Date.UTC(1943,0,0),890214397],
[Date.UTC(1944,0,0),812192380],
[Date.UTC(1945,0,0),926378706],
[Date.UTC(1946,0,0),1203221497],
[Date.UTC(1947,0,0),1385834769],
[Date.UTC(1948,0,0),1486005621],
[Date.UTC(1949,0,0),1641024100],
[Date.UTC(1950,0,0),1644401950],
[Date.UTC(1951,0,0),1603394676],
[Date.UTC(1952,0,0),1621780754],
[Date.UTC(1953,0,0),1590464886],
[Date.UTC(1954,0,0),1662160145],
[Date.UTC(1955,0,0),1751719755],
[Date.UTC(1956,0,0),1817491821],
[Date.UTC(1957,0,0),1952474329],
[Date.UTC(1958,0,0),1976098333],
[Date.UTC(1959,0,0),2064236476],
[Date.UTC(1960,0,0),2341981521],
[Date.UTC(1961,0,0),2567977722],
[Date.UTC(1962,0,0),2818694749],
[Date.UTC(1963,0,0),2955051696],
[Date.UTC(1964,0,0),2931038992],
[Date.UTC(1965,0,0),3300623502],
[Date.UTC(1966,0,0),3466842517],
[Date.UTC(1967,0,0),3658119990],
[Date.UTC(1968,0,0),3968752101],
[Date.UTC(1969,0,0),3942222509],
[Date.UTC(1970,0,0),4086393350],
[Date.UTC(1971,0,0),4058576649],
[Date.UTC(1972,0,0),4174172415],
[Date.UTC(1973,0,0),4058707895],
[Date.UTC(1974,0,0),4045487401],
[Date.UTC(1975,0,0),4104379941],
[Date.UTC(1976,0,0),4242326406],
[Date.UTC(1977,0,0),4314577619],
[Date.UTC(1978,0,0),4365839878],
[Date.UTC(1979,0,0),4528331460],
[Date.UTC(1980,0,0),4611609946],
[Date.UTC(1981,0,0),4627406112],
[Date.UTC(1982,0,0),4839530894],
[Date.UTC(1983,0,0),4982167985],
[Date.UTC(1984,0,0),5309222580],
[Date.UTC(1985,0,0),5475269397],
[Date.UTC(1986,0,0),5793946882],
[Date.UTC(1987,0,0),5936558026],
[Date.UTC(1988,0,0),6191886939],
[Date.UTC(1989,0,0),6549339038],
[Date.UTC(1990,0,0),7075013106],
[Date.UTC(1991,0,0),6895715366],
[Date.UTC(1992,0,0),7596808027],
[Date.UTC(1993,0,0),7492130348],
[Date.UTC(1994,0,0),8027353540],
[Date.UTC(1995,0,0),8276258599],
[Date.UTC(1996,0,0),8745049453],
[Date.UTC(1997,0,0),8979708108],
[Date.UTC(1998,0,0),9406708249],
[Date.UTC(1999,0,0),9997156197],
[Date.UTC(2000,0,0),11190986329],
[Date.UTC(2001,0,0),11349375656],
[Date.UTC(2002,0,0),12519922882],
[Date.UTC(2003,0,0),13632028136],
[Date.UTC(2004,0,0),14705541576],
[Date.UTC(2005,0,0),14425183957],
[Date.UTC(2006,0,0),15310495914],
[Date.UTC(2007,0,0),16206118071],
[Date.UTC(2008,0,0),19482936409],
