[Date.UTC(1505,0,0),1],
[Date.UTC(1507,0,0),1],
[Date.UTC(1515,0,0),1],
[Date.UTC(1520,0,0),1],
[Date.UTC(1524,0,0),1],
[Date.UTC(1525,0,0),1],
[Date.UTC(1527,0,0),1],
[Date.UTC(1541,0,0),1],
[Date.UTC(1563,0,0),1],
[Date.UTC(1564,0,0),1],
[Date.UTC(1568,0,0),2],
[Date.UTC(1572,0,0),1],
[Date.UTC(1574,0,0),1],
[Date.UTC(1575,0,0),1],
[Date.UTC(1579,0,0),3],
[Date.UTC(1581,0,0),6],
[Date.UTC(1582,0,0),1],
[Date.UTC(1584,0,0),1],
[Date.UTC(1587,0,0),2],
[Date.UTC(1588,0,0),2],
[Date.UTC(1589,0,0),2],
[Date.UTC(1590,0,0),2],
[Date.UTC(1592,0,0),4],
[Date.UTC(1593,0,0),2],
[Date.UTC(1594,0,0),1],
[Date.UTC(1595,0,0),3],
[Date.UTC(1597,0,0),1],
[Date.UTC(1598,0,0),2],
[Date.UTC(1600,0,0),1],
[Date.UTC(1602,0,0),1],
[Date.UTC(1603,0,0),1],
[Date.UTC(1605,0,0),1],
[Date.UTC(1606,0,0),3],
[Date.UTC(1607,0,0),2],
[Date.UTC(1610,0,0),1],
[Date.UTC(1611,0,0),1],
[Date.UTC(1612,0,0),1],
[Date.UTC(1614,0,0),1],
[Date.UTC(1618,0,0),1],
[Date.UTC(1619,0,0),1],
[Date.UTC(1620,0,0),3],
[Date.UTC(1621,0,0),3],
[Date.UTC(1623,0,0),2],
[Date.UTC(1624,0,0),3],
[Date.UTC(1625,0,0),1],
[Date.UTC(1626,0,0),1],
[Date.UTC(1628,0,0),1],
[Date.UTC(1629,0,0),2],
[Date.UTC(1630,0,0),3],
[Date.UTC(1631,0,0),1],
[Date.UTC(1632,0,0),1],
[Date.UTC(1634,0,0),3],
[Date.UTC(1635,0,0),3],
[Date.UTC(1636,0,0),2],
[Date.UTC(1637,0,0),3],
[Date.UTC(1638,0,0),2],
[Date.UTC(1640,0,0),3],
[Date.UTC(1641,0,0),2],
[Date.UTC(1642,0,0),3],
[Date.UTC(1643,0,0),6],
[Date.UTC(1644,0,0),5],
[Date.UTC(1645,0,0),3],
[Date.UTC(1646,0,0),1],
[Date.UTC(1647,0,0),5],
[Date.UTC(1648,0,0),4],
[Date.UTC(1649,0,0),4],
[Date.UTC(1650,0,0),7],
[Date.UTC(1651,0,0),3],
[Date.UTC(1652,0,0),3],
[Date.UTC(1653,0,0),7],
[Date.UTC(1654,0,0),2],
[Date.UTC(1655,0,0),5],
[Date.UTC(1656,0,0),4],
[Date.UTC(1657,0,0),5],
[Date.UTC(1658,0,0),9],
[Date.UTC(1659,0,0),3],
[Date.UTC(1660,0,0),5],
[Date.UTC(1661,0,0),3],
[Date.UTC(1662,0,0),3],
[Date.UTC(1663,0,0),5],
[Date.UTC(1664,0,0),6],
[Date.UTC(1665,0,0),11],
[Date.UTC(1666,0,0),3],
[Date.UTC(1667,0,0),9],
[Date.UTC(1668,0,0),6],
[Date.UTC(1669,0,0),4],
[Date.UTC(1670,0,0),5],
[Date.UTC(1671,0,0),4],
[Date.UTC(1672,0,0),5],
[Date.UTC(1673,0,0),11],
[Date.UTC(1674,0,0),3],
[Date.UTC(1675,0,0),14],
[Date.UTC(1676,0,0),15],
[Date.UTC(1677,0,0),12],
[Date.UTC(1678,0,0),18],
[Date.UTC(1679,0,0),13],
[Date.UTC(1680,0,0),22],
[Date.UTC(1681,0,0),28],
[Date.UTC(1682,0,0),30],
[Date.UTC(1683,0,0),30],
[Date.UTC(1684,0,0),19],
[Date.UTC(1685,0,0),28],
[Date.UTC(1686,0,0),22],
[Date.UTC(1687,0,0),13],
[Date.UTC(1688,0,0),21],
[Date.UTC(1689,0,0),20],
[Date.UTC(1690,0,0),14],
[Date.UTC(1691,0,0),8],
[Date.UTC(1692,0,0),14],
[Date.UTC(1693,0,0),16],
[Date.UTC(1694,0,0),25],
[Date.UTC(1695,0,0),13],
[Date.UTC(1696,0,0),21],
[Date.UTC(1697,0,0),9],
[Date.UTC(1698,0,0),38],
[Date.UTC(1699,0,0),36],
[Date.UTC(1700,0,0),37],
[Date.UTC(1701,0,0),49],
[Date.UTC(1702,0,0),65],
[Date.UTC(1703,0,0),47],
[Date.UTC(1704,0,0),68],
[Date.UTC(1705,0,0),60],
[Date.UTC(1706,0,0),70],
[Date.UTC(1707,0,0),52],
[Date.UTC(1708,0,0),70],
[Date.UTC(1709,0,0),56],
[Date.UTC(1710,0,0),99],
[Date.UTC(1711,0,0),85],
[Date.UTC(1712,0,0),58],
[Date.UTC(1713,0,0),77],
[Date.UTC(1714,0,0),95],
[Date.UTC(1715,0,0),91],
[Date.UTC(1716,0,0),70],
[Date.UTC(1717,0,0),90],
[Date.UTC(1718,0,0),92],
[Date.UTC(1719,0,0),98],
[Date.UTC(1720,0,0),102],
[Date.UTC(1721,0,0),84],
[Date.UTC(1722,0,0),96],
[Date.UTC(1723,0,0),106],
[Date.UTC(1724,0,0),91],
[Date.UTC(1725,0,0),99],
[Date.UTC(1726,0,0),106],
[Date.UTC(1727,0,0),133],
[Date.UTC(1728,0,0),142],
[Date.UTC(1729,0,0),122],
[Date.UTC(1730,0,0),140],
[Date.UTC(1731,0,0),128],
[Date.UTC(1732,0,0),144],
[Date.UTC(1733,0,0),98],
[Date.UTC(1734,0,0),120],
[Date.UTC(1735,0,0),130],
[Date.UTC(1736,0,0),112],
[Date.UTC(1737,0,0),133],
[Date.UTC(1738,0,0),132],
[Date.UTC(1739,0,0),169],
[Date.UTC(1740,0,0),123],
[Date.UTC(1741,0,0),122],
[Date.UTC(1742,0,0),142],
[Date.UTC(1743,0,0),165],
[Date.UTC(1744,0,0),171],
[Date.UTC(1745,0,0),184],
[Date.UTC(1746,0,0),142],
[Date.UTC(1747,0,0),177],
[Date.UTC(1748,0,0),153],
[Date.UTC(1749,0,0),196],
[Date.UTC(1750,0,0),218],
[Date.UTC(1751,0,0),218],
[Date.UTC(1752,0,0),182],
[Date.UTC(1753,0,0),229],
[Date.UTC(1754,0,0),220],
[Date.UTC(1755,0,0),257],
[Date.UTC(1756,0,0),165],
[Date.UTC(1757,0,0),194],
[Date.UTC(1758,0,0),196],
[Date.UTC(1759,0,0),205],
[Date.UTC(1760,0,0),216],
[Date.UTC(1761,0,0),212],
[Date.UTC(1762,0,0),158],
[Date.UTC(1763,0,0),195],
[Date.UTC(1764,0,0),201],
[Date.UTC(1765,0,0),196],
[Date.UTC(1766,0,0),279],
[Date.UTC(1767,0,0),239],
[Date.UTC(1768,0,0),307],
[Date.UTC(1769,0,0),237],
[Date.UTC(1770,0,0),287],
[Date.UTC(1771,0,0),242],
[Date.UTC(1772,0,0),259],
[Date.UTC(1773,0,0),233],
[Date.UTC(1774,0,0),286],
[Date.UTC(1775,0,0),297],
[Date.UTC(1776,0,0),333],
[Date.UTC(1777,0,0),291],
[Date.UTC(1778,0,0),211],
[Date.UTC(1779,0,0),247],
[Date.UTC(1780,0,0),262],
[Date.UTC(1781,0,0),272],
[Date.UTC(1782,0,0),256],
[Date.UTC(1783,0,0),278],
[Date.UTC(1784,0,0),310],
[Date.UTC(1785,0,0),333],
[Date.UTC(1786,0,0),328],
[Date.UTC(1787,0,0),406],
[Date.UTC(1788,0,0),476],
[Date.UTC(1789,0,0),408],
[Date.UTC(1790,0,0),448],
[Date.UTC(1791,0,0),450],
[Date.UTC(1792,0,0),525],
[Date.UTC(1793,0,0),536],
[Date.UTC(1794,0,0),503],
[Date.UTC(1795,0,0),481],
[Date.UTC(1796,0,0),600],
[Date.UTC(1797,0,0),527],
[Date.UTC(1798,0,0),520],
[Date.UTC(1799,0,0),543],
[Date.UTC(1800,0,0),669],
[Date.UTC(1801,0,0),976],
[Date.UTC(1802,0,0),843],
[Date.UTC(1803,0,0),941],
[Date.UTC(1804,0,0),1079],
[Date.UTC(1805,0,0),1054],
[Date.UTC(1806,0,0),1139],
[Date.UTC(1807,0,0),1139],
[Date.UTC(1808,0,0),1172],
[Date.UTC(1809,0,0),1188],
[Date.UTC(1810,0,0),1280],
[Date.UTC(1811,0,0),1425],
[Date.UTC(1812,0,0),1285],
[Date.UTC(1813,0,0),1148],
[Date.UTC(1814,0,0),1325],
[Date.UTC(1815,0,0),1281],
[Date.UTC(1816,0,0),1375],
[Date.UTC(1817,0,0),1608],
[Date.UTC(1818,0,0),1711],
[Date.UTC(1819,0,0),1603],
[Date.UTC(1820,0,0),1876],
[Date.UTC(1821,0,0),1530],
[Date.UTC(1822,0,0),2049],
[Date.UTC(1823,0,0),2096],
[Date.UTC(1824,0,0),2402],
[Date.UTC(1825,0,0),2571],
[Date.UTC(1826,0,0),2006],
[Date.UTC(1827,0,0),2124],
[Date.UTC(1828,0,0),2320],
[Date.UTC(1829,0,0),2338],
[Date.UTC(1830,0,0),2615],
[Date.UTC(1831,0,0),2458],
[Date.UTC(1832,0,0),2501],
[Date.UTC(1833,0,0),2655],
[Date.UTC(1834,0,0),2585],
[Date.UTC(1835,0,0),2946],
[Date.UTC(1836,0,0),2951],
[Date.UTC(1837,0,0),2642],
[Date.UTC(1838,0,0),2813],
[Date.UTC(1839,0,0),3195],
[Date.UTC(1840,0,0),3196],
[Date.UTC(1841,0,0),3048],
[Date.UTC(1842,0,0),2711],
[Date.UTC(1843,0,0),2899],
[Date.UTC(1844,0,0),3086],
[Date.UTC(1845,0,0),3294],
[Date.UTC(1846,0,0),3305],
[Date.UTC(1847,0,0),3291],
[Date.UTC(1848,0,0),3648],
[Date.UTC(1849,0,0),3539],
[Date.UTC(1850,0,0),3910],
[Date.UTC(1851,0,0),4021],
[Date.UTC(1852,0,0),4461],
[Date.UTC(1853,0,0),4706],
[Date.UTC(1854,0,0),4810],
[Date.UTC(1855,0,0),4404],
[Date.UTC(1856,0,0),4728],
[Date.UTC(1857,0,0),4319],
[Date.UTC(1858,0,0),4108],
[Date.UTC(1859,0,0),4572],
[Date.UTC(1860,0,0),4921],
[Date.UTC(1861,0,0),3664],
[Date.UTC(1862,0,0),3364],
[Date.UTC(1863,0,0),3527],
[Date.UTC(1864,0,0),4089],
[Date.UTC(1865,0,0),4265],
[Date.UTC(1866,0,0),4373],
[Date.UTC(1867,0,0),4168],
[Date.UTC(1868,0,0),4509],
[Date.UTC(1869,0,0),4589],
[Date.UTC(1870,0,0),4588],
[Date.UTC(1871,0,0),4674],
[Date.UTC(1872,0,0),4768],
[Date.UTC(1873,0,0),4799],
[Date.UTC(1874,0,0),5190],
[Date.UTC(1875,0,0),5335],
[Date.UTC(1876,0,0),5691],
[Date.UTC(1877,0,0),5657],
[Date.UTC(1878,0,0),5521],
[Date.UTC(1879,0,0),5912],
[Date.UTC(1880,0,0),6659],
[Date.UTC(1881,0,0),6836],
[Date.UTC(1882,0,0),7295],
[Date.UTC(1883,0,0),8091],
[Date.UTC(1884,0,0),7906],
[Date.UTC(1885,0,0),7804],
[Date.UTC(1886,0,0),6198],
[Date.UTC(1887,0,0),7215],
[Date.UTC(1888,0,0),7054],
[Date.UTC(1889,0,0),6480],
[Date.UTC(1890,0,0),7006],
[Date.UTC(1891,0,0),7600],
[Date.UTC(1892,0,0),8320],
[Date.UTC(1893,0,0),8214],
[Date.UTC(1894,0,0),8132],
[Date.UTC(1895,0,0),9184],
[Date.UTC(1896,0,0),9663],
[Date.UTC(1897,0,0),9632],
[Date.UTC(1898,0,0),10193],
[Date.UTC(1899,0,0),11421],
[Date.UTC(1900,0,0),12204],
[Date.UTC(1901,0,0),11923],
[Date.UTC(1902,0,0),12325],
[Date.UTC(1903,0,0),12386],
[Date.UTC(1904,0,0),13406],
[Date.UTC(1905,0,0),12833],
[Date.UTC(1906,0,0),13309],
[Date.UTC(1907,0,0),13533],
[Date.UTC(1908,0,0),13826],
[Date.UTC(1909,0,0),12638],
[Date.UTC(1910,0,0),13278],
[Date.UTC(1911,0,0),13659],
[Date.UTC(1912,0,0),14314],
[Date.UTC(1913,0,0),14064],
[Date.UTC(1914,0,0),13964],
[Date.UTC(1915,0,0),13357],
[Date.UTC(1916,0,0),13449],
[Date.UTC(1917,0,0),13535],
[Date.UTC(1918,0,0),12225],
[Date.UTC(1919,0,0),12588],
[Date.UTC(1920,0,0),14671],
[Date.UTC(1921,0,0),12681],
[Date.UTC(1922,0,0),14781],
[Date.UTC(1923,0,0),11962],
[Date.UTC(1924,0,0),11221],
[Date.UTC(1925,0,0),11609],
[Date.UTC(1926,0,0),11513],
[Date.UTC(1927,0,0),12560],
[Date.UTC(1928,0,0),12610],
[Date.UTC(1929,0,0),12430],
[Date.UTC(1930,0,0),13131],
[Date.UTC(1931,0,0),12339],
[Date.UTC(1932,0,0),10940],
[Date.UTC(1933,0,0),10129],
[Date.UTC(1934,0,0),10781],
[Date.UTC(1935,0,0),11543],
[Date.UTC(1936,0,0),12168],
[Date.UTC(1937,0,0),12393],
[Date.UTC(1938,0,0),12494],
[Date.UTC(1939,0,0),12255],
[Date.UTC(1940,0,0),11539],
[Date.UTC(1941,0,0),10956],
[Date.UTC(1942,0,0),10561],
[Date.UTC(1943,0,0),9221],
[Date.UTC(1944,0,0),8696],
[Date.UTC(1945,0,0),9542],
[Date.UTC(1946,0,0),12452],
[Date.UTC(1947,0,0),14115],
[Date.UTC(1948,0,0),14721],
[Date.UTC(1949,0,0),15754],
[Date.UTC(1950,0,0),15761],
[Date.UTC(1951,0,0),15418],
[Date.UTC(1952,0,0),15307],
[Date.UTC(1953,0,0),15325],
[Date.UTC(1954,0,0),16201],
[Date.UTC(1955,0,0),16994],
[Date.UTC(1956,0,0),17453],
[Date.UTC(1957,0,0),18977],
[Date.UTC(1958,0,0),19292],
[Date.UTC(1959,0,0),20781],
[Date.UTC(1960,0,0),24048],
[Date.UTC(1961,0,0),25762],
[Date.UTC(1962,0,0),27762],
[Date.UTC(1963,0,0),29569],
[Date.UTC(1964,0,0),30661],
[Date.UTC(1965,0,0),32999],
[Date.UTC(1966,0,0),35243],
[Date.UTC(1967,0,0),37636],
[Date.UTC(1968,0,0),40613],
[Date.UTC(1969,0,0),40154],
[Date.UTC(1970,0,0),42050],
[Date.UTC(1971,0,0),41676],
[Date.UTC(1972,0,0),43701],
[Date.UTC(1973,0,0),42413],
[Date.UTC(1974,0,0),42423],
[Date.UTC(1975,0,0),43866],
[Date.UTC(1976,0,0),44785],
[Date.UTC(1977,0,0),45231],
[Date.UTC(1978,0,0),45652],
[Date.UTC(1979,0,0),47094],
[Date.UTC(1980,0,0),47197],
[Date.UTC(1981,0,0),46107],
[Date.UTC(1982,0,0),48446],
[Date.UTC(1983,0,0),49481],
[Date.UTC(1984,0,0),52068],
[Date.UTC(1985,0,0),53730],
[Date.UTC(1986,0,0),56268],
[Date.UTC(1987,0,0),57856],
[Date.UTC(1988,0,0),60672],
[Date.UTC(1989,0,0),64029],
[Date.UTC(1990,0,0),69220],
[Date.UTC(1991,0,0),68159],
[Date.UTC(1992,0,0),72393],
[Date.UTC(1993,0,0),71658],
[Date.UTC(1994,0,0),76662],
[Date.UTC(1995,0,0),77890],
[Date.UTC(1996,0,0),82091],
[Date.UTC(1997,0,0),84104],
[Date.UTC(1998,0,0),87421],
[Date.UTC(1999,0,0),91983],
[Date.UTC(2000,0,0),103405],
[Date.UTC(2001,0,0),104147],
[Date.UTC(2002,0,0),117207],
[Date.UTC(2003,0,0),127066],
[Date.UTC(2004,0,0),139616],
[Date.UTC(2005,0,0),138132],
[Date.UTC(2006,0,0),148342],
[Date.UTC(2007,0,0),155472],
[Date.UTC(2008,0,0),206272],
