[Date.UTC(1505,0,0),231],
[Date.UTC(1507,0,0),477],
[Date.UTC(1515,0,0),2197],
[Date.UTC(1520,0,0),223],
[Date.UTC(1524,0,0),1275],
[Date.UTC(1525,0,0),69],
[Date.UTC(1527,0,0),39],
[Date.UTC(1541,0,0),59],
[Date.UTC(1563,0,0),931],
[Date.UTC(1564,0,0),387],
[Date.UTC(1568,0,0),1124],
[Date.UTC(1572,0,0),797],
[Date.UTC(1574,0,0),689],
[Date.UTC(1575,0,0),1067],
[Date.UTC(1579,0,0),1143],
[Date.UTC(1581,0,0),2824],
[Date.UTC(1582,0,0),537],
[Date.UTC(1584,0,0),393],
[Date.UTC(1587,0,0),762],
[Date.UTC(1588,0,0),634],
[Date.UTC(1589,0,0),238],
[Date.UTC(1590,0,0),2260],
[Date.UTC(1592,0,0),814],
[Date.UTC(1593,0,0),328],
[Date.UTC(1594,0,0),67],
[Date.UTC(1595,0,0),347],
[Date.UTC(1597,0,0),101],
[Date.UTC(1598,0,0),768],
[Date.UTC(1600,0,0),985],
[Date.UTC(1602,0,0),47],
[Date.UTC(1603,0,0),561],
[Date.UTC(1605,0,0),131],
[Date.UTC(1606,0,0),601],
[Date.UTC(1607,0,0),1600],
[Date.UTC(1610,0,0),75],
[Date.UTC(1611,0,0),457],
[Date.UTC(1612,0,0),593],
[Date.UTC(1614,0,0),57],
[Date.UTC(1618,0,0),147],
[Date.UTC(1619,0,0),467],
[Date.UTC(1620,0,0),2371],
[Date.UTC(1621,0,0),679],
[Date.UTC(1623,0,0),896],
[Date.UTC(1624,0,0),899],
[Date.UTC(1625,0,0),551],
[Date.UTC(1626,0,0),259],
[Date.UTC(1628,0,0),43],
[Date.UTC(1629,0,0),1250],
[Date.UTC(1630,0,0),1463],
[Date.UTC(1631,0,0),1899],
[Date.UTC(1632,0,0),299],
[Date.UTC(1634,0,0),777],
[Date.UTC(1635,0,0),1385],
[Date.UTC(1636,0,0),252],
[Date.UTC(1637,0,0),2315],
[Date.UTC(1638,0,0),876],
[Date.UTC(1640,0,0),425],
[Date.UTC(1641,0,0),536],
[Date.UTC(1642,0,0),769],
[Date.UTC(1643,0,0),1238],
[Date.UTC(1644,0,0),4031],
[Date.UTC(1645,0,0),1263],
[Date.UTC(1646,0,0),253],
[Date.UTC(1647,0,0),2015],
[Date.UTC(1648,0,0),2306],
[Date.UTC(1649,0,0),1796],
[Date.UTC(1650,0,0),1161],
[Date.UTC(1651,0,0),2221],
[Date.UTC(1652,0,0),1023],
[Date.UTC(1653,0,0),2677],
[Date.UTC(1654,0,0),256],
[Date.UTC(1655,0,0),1789],
[Date.UTC(1656,0,0),3142],
[Date.UTC(1657,0,0),2551],
[Date.UTC(1658,0,0),4509],
[Date.UTC(1659,0,0),2331],
[Date.UTC(1660,0,0),1085],
[Date.UTC(1661,0,0),931],
[Date.UTC(1662,0,0),1471],
[Date.UTC(1663,0,0),2021],
[Date.UTC(1664,0,0),2670],
[Date.UTC(1665,0,0),2689],
[Date.UTC(1666,0,0),843],
[Date.UTC(1667,0,0),3449],
[Date.UTC(1668,0,0),3920],
[Date.UTC(1669,0,0),2276],
[Date.UTC(1670,0,0),3127],
[Date.UTC(1671,0,0),1276],
[Date.UTC(1672,0,0),2665],
[Date.UTC(1673,0,0),5517],
[Date.UTC(1674,0,0),643],
[Date.UTC(1675,0,0),8918],
[Date.UTC(1676,0,0),8433],
[Date.UTC(1677,0,0),5380],
[Date.UTC(1678,0,0),8516],
[Date.UTC(1679,0,0),6347],
[Date.UTC(1680,0,0),6122],
[Date.UTC(1681,0,0),11444],
[Date.UTC(1682,0,0),15570],
[Date.UTC(1683,0,0),15946],
[Date.UTC(1684,0,0),8701],
[Date.UTC(1685,0,0),14504],
[Date.UTC(1686,0,0),8862],
[Date.UTC(1687,0,0),4521],
[Date.UTC(1688,0,0),10593],
[Date.UTC(1689,0,0),6474],
[Date.UTC(1690,0,0),5392],
[Date.UTC(1691,0,0),2262],
[Date.UTC(1692,0,0),8524],
[Date.UTC(1693,0,0),7426],
[Date.UTC(1694,0,0),13199],
[Date.UTC(1695,0,0),8829],
[Date.UTC(1696,0,0),7095],
[Date.UTC(1697,0,0),4401],
[Date.UTC(1698,0,0),19918],
[Date.UTC(1699,0,0),17088],
[Date.UTC(1700,0,0),23837],
[Date.UTC(1701,0,0),26769],
[Date.UTC(1702,0,0),27197],
[Date.UTC(1703,0,0),26829],
[Date.UTC(1704,0,0),30972],
[Date.UTC(1705,0,0),28840],
[Date.UTC(1706,0,0),36302],
[Date.UTC(1707,0,0),26228],
[Date.UTC(1708,0,0),37416],
[Date.UTC(1709,0,0),24260],
[Date.UTC(1710,0,0),35889],
[Date.UTC(1711,0,0),40069],
[Date.UTC(1712,0,0),22378],
[Date.UTC(1713,0,0),25961],
[Date.UTC(1714,0,0),42791],
[Date.UTC(1715,0,0),40575],
[Date.UTC(1716,0,0),23970],
[Date.UTC(1717,0,0),37712],
[Date.UTC(1718,0,0),36292],
[Date.UTC(1719,0,0),30204],
[Date.UTC(1720,0,0),51148],
[Date.UTC(1721,0,0),37936],
[Date.UTC(1722,0,0),45518],
[Date.UTC(1723,0,0),43642],
[Date.UTC(1724,0,0),53163],
[Date.UTC(1725,0,0),54579],
[Date.UTC(1726,0,0),66514],
[Date.UTC(1727,0,0),73073],
[Date.UTC(1728,0,0),72304],
[Date.UTC(1729,0,0),65192],
[Date.UTC(1730,0,0),69124],
[Date.UTC(1731,0,0),67794],
[Date.UTC(1732,0,0),66456],
[Date.UTC(1733,0,0),33674],
[Date.UTC(1734,0,0),62738],
[Date.UTC(1735,0,0),59822],
[Date.UTC(1736,0,0),47332],
[Date.UTC(1737,0,0),74519],
[Date.UTC(1738,0,0),67208],
[Date.UTC(1739,0,0),73091],
[Date.UTC(1740,0,0),63577],
[Date.UTC(1741,0,0),50136],
[Date.UTC(1742,0,0),68262],
[Date.UTC(1743,0,0),68475],
[Date.UTC(1744,0,0),86587],
[Date.UTC(1745,0,0),62566],
[Date.UTC(1746,0,0),42780],
[Date.UTC(1747,0,0),87459],
[Date.UTC(1748,0,0),83841],
[Date.UTC(1749,0,0),88764],
[Date.UTC(1750,0,0),105214],
[Date.UTC(1751,0,0),112498],
[Date.UTC(1752,0,0),87244],
[Date.UTC(1753,0,0),113065],
[Date.UTC(1754,0,0),131704],
[Date.UTC(1755,0,0),135065],
[Date.UTC(1756,0,0),59545],
[Date.UTC(1757,0,0),93794],
[Date.UTC(1758,0,0),104794],
[Date.UTC(1759,0,0),125399],
[Date.UTC(1760,0,0),104986],
[Date.UTC(1761,0,0),107990],
[Date.UTC(1762,0,0),73704],
[Date.UTC(1763,0,0),111617],
[Date.UTC(1764,0,0),112259],
[Date.UTC(1765,0,0),101540],
[Date.UTC(1766,0,0),166327],
[Date.UTC(1767,0,0),137147],
[Date.UTC(1768,0,0),186755],
[Date.UTC(1769,0,0),128275],
[Date.UTC(1770,0,0),156785],
[Date.UTC(1771,0,0),148156],
[Date.UTC(1772,0,0),151573],
[Date.UTC(1773,0,0),131107],
[Date.UTC(1774,0,0),140530],
[Date.UTC(1775,0,0),163753],
[Date.UTC(1776,0,0),182397],
[Date.UTC(1777,0,0),164511],
[Date.UTC(1778,0,0),130713],
[Date.UTC(1779,0,0),132503],
[Date.UTC(1780,0,0),137264],
[Date.UTC(1781,0,0),165102],
[Date.UTC(1782,0,0),148858],
[Date.UTC(1783,0,0),154110],
[Date.UTC(1784,0,0),196374],
[Date.UTC(1785,0,0),195551],
[Date.UTC(1786,0,0),201168],
[Date.UTC(1787,0,0),274736],
[Date.UTC(1788,0,0),317558],
[Date.UTC(1789,0,0),274486],
[Date.UTC(1790,0,0),290254],
[Date.UTC(1791,0,0),303140],
[Date.UTC(1792,0,0),334531],
[Date.UTC(1793,0,0),306038],
[Date.UTC(1794,0,0),334985],
[Date.UTC(1795,0,0),306795],
[Date.UTC(1796,0,0),402660],
[Date.UTC(1797,0,0),327575],
[Date.UTC(1798,0,0),317118],
[Date.UTC(1799,0,0),358621],
[Date.UTC(1800,0,0),481221],
[Date.UTC(1801,0,0),720762],
[Date.UTC(1802,0,0),593319],
[Date.UTC(1803,0,0),703119],
[Date.UTC(1804,0,0),773467],
[Date.UTC(1805,0,0),768720],
[Date.UTC(1806,0,0),820253],
[Date.UTC(1807,0,0),843799],
[Date.UTC(1808,0,0),825924],
[Date.UTC(1809,0,0),849578],
[Date.UTC(1810,0,0),942002],
[Date.UTC(1811,0,0),1089707],
[Date.UTC(1812,0,0),966207],
[Date.UTC(1813,0,0),848854],
[Date.UTC(1814,0,0),1005881],
[Date.UTC(1815,0,0),940919],
[Date.UTC(1816,0,0),993399],
[Date.UTC(1817,0,0),1112404],
[Date.UTC(1818,0,0),1249575],
[Date.UTC(1819,0,0),1074883],
[Date.UTC(1820,0,0),1428596],
[Date.UTC(1821,0,0),1090084],
[Date.UTC(1822,0,0),1582135],
[Date.UTC(1823,0,0),1531352],
[Date.UTC(1824,0,0),1818566],
[Date.UTC(1825,0,0),1931153],
[Date.UTC(1826,0,0),1459702],
[Date.UTC(1827,0,0),1540742],
[Date.UTC(1828,0,0),1616864],
[Date.UTC(1829,0,0),1682580],
[Date.UTC(1830,0,0),1893561],
[Date.UTC(1831,0,0),1693686],
[Date.UTC(1832,0,0),1697641],
[Date.UTC(1833,0,0),1768777],
[Date.UTC(1834,0,0),1685631],
[Date.UTC(1835,0,0),2000520],
[Date.UTC(1836,0,0),2016239],
[Date.UTC(1837,0,0),1897476],
[Date.UTC(1838,0,0),1973223],
[Date.UTC(1839,0,0),2268357],
[Date.UTC(1840,0,0),2214894],
[Date.UTC(1841,0,0),2083152],
[Date.UTC(1842,0,0),1825805],
[Date.UTC(1843,0,0),2000337],
[Date.UTC(1844,0,0),2164514],
[Date.UTC(1845,0,0),2327894],
[Date.UTC(1846,0,0),2351443],
[Date.UTC(1847,0,0),2210955],
[Date.UTC(1848,0,0),2417716],
[Date.UTC(1849,0,0),2428935],
[Date.UTC(1850,0,0),2601734],
[Date.UTC(1851,0,0),2787491],
[Date.UTC(1852,0,0),2900999],
[Date.UTC(1853,0,0),3248278],
[Date.UTC(1854,0,0),3445720],
[Date.UTC(1855,0,0),3126226],
[Date.UTC(1856,0,0),3360386],
[Date.UTC(1857,0,0),2971641],
[Date.UTC(1858,0,0),2794762],
[Date.UTC(1859,0,0),3047548],
[Date.UTC(1860,0,0),3291751],
[Date.UTC(1861,0,0),2457516],
[Date.UTC(1862,0,0),2162284],
[Date.UTC(1863,0,0),2280211],
[Date.UTC(1864,0,0),2742669],
[Date.UTC(1865,0,0),2754685],
[Date.UTC(1866,0,0),2970231],
[Date.UTC(1867,0,0),2798144],
[Date.UTC(1868,0,0),3004671],
[Date.UTC(1869,0,0),3052571],
[Date.UTC(1870,0,0),3010658],
[Date.UTC(1871,0,0),3109850],
[Date.UTC(1872,0,0),3133978],
[Date.UTC(1873,0,0),3210707],
[Date.UTC(1874,0,0),3496138],
[Date.UTC(1875,0,0),3513955],
[Date.UTC(1876,0,0),3717671],
[Date.UTC(1877,0,0),3635691],
[Date.UTC(1878,0,0),3475917],
[Date.UTC(1879,0,0),3648960],
[Date.UTC(1880,0,0),4339293],
[Date.UTC(1881,0,0),4377740],
[Date.UTC(1882,0,0),4594461],
[Date.UTC(1883,0,0),5188267],
[Date.UTC(1884,0,0),4821278],
[Date.UTC(1885,0,0),4796652],
[Date.UTC(1886,0,0),3978980],
[Date.UTC(1887,0,0),4578817],
[Date.UTC(1888,0,0),4489400],
[Date.UTC(1889,0,0),4217872],
[Date.UTC(1890,0,0),4446336],
[Date.UTC(1891,0,0),4772590],
[Date.UTC(1892,0,0),5340906],
[Date.UTC(1893,0,0),5204954],
[Date.UTC(1894,0,0),5190068],
[Date.UTC(1895,0,0),5699486],
[Date.UTC(1896,0,0),6149427],
[Date.UTC(1897,0,0),6036650],
[Date.UTC(1898,0,0),6474893],
[Date.UTC(1899,0,0),7319283],
[Date.UTC(1900,0,0),7880706],
[Date.UTC(1901,0,0),7611053],
[Date.UTC(1902,0,0),7850395],
[Date.UTC(1903,0,0),7672684],
[Date.UTC(1904,0,0),8505994],
[Date.UTC(1905,0,0),7982387],
[Date.UTC(1906,0,0),8324581],
[Date.UTC(1907,0,0),8352873],
[Date.UTC(1908,0,0),8455420],
[Date.UTC(1909,0,0),7678880],
[Date.UTC(1910,0,0),8082350],
[Date.UTC(1911,0,0),8146435],
[Date.UTC(1912,0,0),8498210],
[Date.UTC(1913,0,0),8272376],
[Date.UTC(1914,0,0),8031654],
[Date.UTC(1915,0,0),7359683],
[Date.UTC(1916,0,0),7285233],
[Date.UTC(1917,0,0),7301665],
[Date.UTC(1918,0,0),6427497],
[Date.UTC(1919,0,0),6939246],
[Date.UTC(1920,0,0),8320305],
[Date.UTC(1921,0,0),7129055],
[Date.UTC(1922,0,0),8295471],
[Date.UTC(1923,0,0),6679296],
[Date.UTC(1924,0,0),6285325],
[Date.UTC(1925,0,0),6436655],
[Date.UTC(1926,0,0),6180969],
[Date.UTC(1927,0,0),6992594],
[Date.UTC(1928,0,0),6940650],
[Date.UTC(1929,0,0),6757530],
[Date.UTC(1930,0,0),7172751],
[Date.UTC(1931,0,0),6746535],
[Date.UTC(1932,0,0),5908248],
[Date.UTC(1933,0,0),5193167],
[Date.UTC(1934,0,0),5813581],
[Date.UTC(1935,0,0),6383929],
[Date.UTC(1936,0,0),6704700],
[Date.UTC(1937,0,0),6867867],
[Date.UTC(1938,0,0),7006038],
[Date.UTC(1939,0,0),6860069],
[Date.UTC(1940,0,0),6458613],
[Date.UTC(1941,0,0),5943516],
[Date.UTC(1942,0,0),5652409],
[Date.UTC(1943,0,0),4754157],
[Date.UTC(1944,0,0),4254836],
[Date.UTC(1945,0,0),4754610],
[Date.UTC(1946,0,0),6293844],
[Date.UTC(1947,0,0),7297313],
[Date.UTC(1948,0,0),7719563],
[Date.UTC(1949,0,0),8474538],
[Date.UTC(1950,0,0),8581523],
[Date.UTC(1951,0,0),8369856],
[Date.UTC(1952,0,0),8271139],
[Date.UTC(1953,0,0),8243557],
[Date.UTC(1954,0,0),8642537],
[Date.UTC(1955,0,0),9009566],
[Date.UTC(1956,0,0),9289947],
[Date.UTC(1957,0,0),10050283],
[Date.UTC(1958,0,0),10184584],
[Date.UTC(1959,0,0),10667039],
[Date.UTC(1960,0,0),12110214],
[Date.UTC(1961,0,0),13168876],
[Date.UTC(1962,0,0),14534596],
[Date.UTC(1963,0,0),15289261],
[Date.UTC(1964,0,0),15327267],
[Date.UTC(1965,0,0),16925833],
[Date.UTC(1966,0,0),17885635],
[Date.UTC(1967,0,0),18856794],
[Date.UTC(1968,0,0),20713781],
[Date.UTC(1969,0,0),20605052],
[Date.UTC(1970,0,0),21493334],
[Date.UTC(1971,0,0),21022316],
[Date.UTC(1972,0,0),21723303],
[Date.UTC(1973,0,0),20934291],
[Date.UTC(1974,0,0),20870625],
[Date.UTC(1975,0,0),21163884],
[Date.UTC(1976,0,0),21741811],
[Date.UTC(1977,0,0),22131803],
[Date.UTC(1978,0,0),22337808],
[Date.UTC(1979,0,0),23121674],
[Date.UTC(1980,0,0),23399729],
[Date.UTC(1981,0,0),23181513],
[Date.UTC(1982,0,0),24286876],
[Date.UTC(1983,0,0),24855807],
[Date.UTC(1984,0,0),26493896],
[Date.UTC(1985,0,0),27311038],
[Date.UTC(1986,0,0),28860058],
[Date.UTC(1987,0,0),29600208],
[Date.UTC(1988,0,0),30977704],
[Date.UTC(1989,0,0),32665219],
[Date.UTC(1990,0,0),35252588],
[Date.UTC(1991,0,0),34521903],
[Date.UTC(1992,0,0),37580665],
[Date.UTC(1993,0,0),37154768],
[Date.UTC(1994,0,0),39575664],
[Date.UTC(1995,0,0),40863936],
[Date.UTC(1996,0,0),42919779],
[Date.UTC(1997,0,0),43952838],
[Date.UTC(1998,0,0),45989297],
[Date.UTC(1999,0,0),48914071],
[Date.UTC(2000,0,0),54799233],
[Date.UTC(2001,0,0),55886251],
[Date.UTC(2002,0,0),62335467],
[Date.UTC(2003,0,0),68561620],
[Date.UTC(2004,0,0),73346714],
[Date.UTC(2005,0,0),72756812],
[Date.UTC(2006,0,0),77883896],
[Date.UTC(2007,0,0),82969746],
[Date.UTC(2008,0,0),108811006],
