[Date.UTC(1950,1,1),15.761],
[Date.UTC(1951,1,1),15.418],
[Date.UTC(1952,1,1),15.307],
[Date.UTC(1953,1,1),15.325],
[Date.UTC(1954,1,1),16.201],
[Date.UTC(1955,1,1),16.994],
[Date.UTC(1956,1,1),17.453],
[Date.UTC(1957,1,1),18.977],
[Date.UTC(1958,1,1),19.292],
[Date.UTC(1959,1,1),20.781],
[Date.UTC(1960,1,1),24.048],
[Date.UTC(1961,1,1),25.762],
[Date.UTC(1962,1,1),27.762],
[Date.UTC(1963,1,1),29.569],
[Date.UTC(1964,1,1),30.661],
[Date.UTC(1965,1,1),32.999],
[Date.UTC(1966,1,1),35.243],
[Date.UTC(1967,1,1),37.636],
[Date.UTC(1968,1,1),40.613],
[Date.UTC(1969,1,1),40.154],
[Date.UTC(1970,1,1),42.05],
[Date.UTC(1971,1,1),41.676],
[Date.UTC(1972,1,1),43.701],
[Date.UTC(1973,1,1),42.413],
[Date.UTC(1974,1,1),42.423],
[Date.UTC(1975,1,1),43.866],
[Date.UTC(1976,1,1),44.785],
[Date.UTC(1977,1,1),45.231],
[Date.UTC(1978,1,1),45.652],
[Date.UTC(1979,1,1),47.094],
[Date.UTC(1980,1,1),47.197],
[Date.UTC(1981,1,1),46.107],
[Date.UTC(1982,1,1),48.446],
[Date.UTC(1983,1,1),49.481],
[Date.UTC(1984,1,1),52.068],
[Date.UTC(1985,1,1),53.73],
[Date.UTC(1986,1,1),56.268],
[Date.UTC(1987,1,1),57.856],
[Date.UTC(1988,1,1),60.672],
[Date.UTC(1989,1,1),64.029],
[Date.UTC(1990,1,1),69.22],
[Date.UTC(1991,1,1),68.159],
[Date.UTC(1992,1,1),72.393],
[Date.UTC(1993,1,1),71.658],
[Date.UTC(1994,1,1),76.662],
[Date.UTC(1995,1,1),77.89],
[Date.UTC(1996,1,1),82.091],
[Date.UTC(1997,1,1),84.104],
[Date.UTC(1998,1,1),87.421],
[Date.UTC(1999,1,1),91.983],
[Date.UTC(2000,1,1),103.405],
[Date.UTC(2001,1,1),104.147],
[Date.UTC(2002,1,1),117.207],
[Date.UTC(2003,1,1),127.066],
[Date.UTC(2004,1,1),139.616],
[Date.UTC(2005,1,1),138.132],
[Date.UTC(2006,1,1),148.342],
[Date.UTC(2007,1,1),155.472],
[Date.UTC(2008,1,1),206.272]
