[Date.UTC(1951,1,1),0],
[Date.UTC(1952,1,1),0],
[Date.UTC(1953,1,1),0],
[Date.UTC(1954,1,1),0],
[Date.UTC(1955,1,1),0],
[Date.UTC(1956,1,1),0],
[Date.UTC(1957,1,1),0],
[Date.UTC(1958,1,1),0],
[Date.UTC(1959,1,1),1],
[Date.UTC(1960,1,1),1],
[Date.UTC(1961,1,1),0],
[Date.UTC(1962,1,1),8],
[Date.UTC(1963,1,1),22],
[Date.UTC(1964,1,1),23],
[Date.UTC(1965,1,1),11],
[Date.UTC(1966,1,1),3],
[Date.UTC(1967,1,1),4],
[Date.UTC(1968,1,1),4],
[Date.UTC(1969,1,1),3],
[Date.UTC(1970,1,1),2],
[Date.UTC(1971,1,1),3],
[Date.UTC(1972,1,1),5],
[Date.UTC(1973,1,1),5],
[Date.UTC(1974,1,1),121],
[Date.UTC(1975,1,1),265],
[Date.UTC(1976,1,1),288],
[Date.UTC(1977,1,1),276],
[Date.UTC(1978,1,1),274],
[Date.UTC(1979,1,1),374],
[Date.UTC(1980,1,1),525],
[Date.UTC(1981,1,1),648],
[Date.UTC(1982,1,1),798],
[Date.UTC(1983,1,1),900],
[Date.UTC(1984,1,1),931],
[Date.UTC(1985,1,1),914],
[Date.UTC(1986,1,1),965],
[Date.UTC(1987,1,1),1079],
[Date.UTC(1988,1,1),1207],
[Date.UTC(1989,1,1),1277],
[Date.UTC(1990,1,1),1249],
[Date.UTC(1991,1,1),1319],
[Date.UTC(1992,1,1),1427],
[Date.UTC(1993,1,1),1422],
[Date.UTC(1994,1,1),1474],
[Date.UTC(1995,1,1),1562],
[Date.UTC(1996,1,1),1537],
[Date.UTC(1997,1,1),1605],
[Date.UTC(1998,1,1),1678],
[Date.UTC(1999,1,1),1787],
[Date.UTC(2000,1,1),1974],
[Date.UTC(2001,1,1),2103],
[Date.UTC(2002,1,1),2271],
[Date.UTC(2003,1,1),2459],
[Date.UTC(2004,1,1),2725],
[Date.UTC(2005,1,1),2919],
[Date.UTC(2006,1,1),3015],
[Date.UTC(2007,1,1),3172],
[Date.UTC(2008,1,1),3345],
[Date.UTC(2009,1,1),3518],
[Date.UTC(2010,1,1),3761],
[Date.UTC(2011,1,1),3982],
[Date.UTC(2012,1,1),4205],
[Date.UTC(2013,1,1),4593],
[Date.UTC(2014,1,1),4099],
[Date.UTC(2015,1,1),1692],
[Date.UTC(year,1,1),count],
