[Date.UTC(1990,1,1),3],
[Date.UTC(1991,1,1),42],
[Date.UTC(1992,1,1),30],
[Date.UTC(1993,1,1),55],
[Date.UTC(1994,1,1),61],
[Date.UTC(1995,1,1),66],
[Date.UTC(1996,1,1),66],
[Date.UTC(1997,1,1),92],
[Date.UTC(1998,1,1),99],
[Date.UTC(1999,1,1),93],
[Date.UTC(2000,1,1),110],
[Date.UTC(2001,1,1),115],
[Date.UTC(2002,1,1),110],
[Date.UTC(2003,1,1),165],
[Date.UTC(2004,1,1),161],
[Date.UTC(2005,1,1),195],
[Date.UTC(2006,1,1),181],
[Date.UTC(2007,1,1),213],
[Date.UTC(2008,1,1),255],
[Date.UTC(2009,1,1),306],
[Date.UTC(2010,1,1),307],
[Date.UTC(2011,1,1),361],
[Date.UTC(2012,1,1),403],
[Date.UTC(2013,1,1),426],
[Date.UTC(2014,1,1),465],
[Date.UTC(2015,1,1),351]
